0 1
2 c61c333378fc9e2dbdd9a75a3e1bac7765be88e12029ccd71bdadbf622918f56
3 653d4adac9c42b9cefa00f20c873cc82cdb1771b0f204c8704d9c81f9f5f4d54
4 1
5 7fffffff
6 7fffffff
7 7fffffff
8 7fffffff
9 7fffffff
10 7fffffff
11 7fffffff
12 7fffffff
13 b097c75b
14 d63f2565
15 42a67c8f
16 aca3a97
17 a13cdc71
18 b1af1e32
19 4212405f
20 66341657
21 66105ebe8796b56a232e3a354b0b2714eacc9d8674f15cbf9efd357b11b63fb2
22 78a91c70ec186c57577fff1e959a457b260d883826f48d64766618593c194f85
5619 f
5620 0
5621 1
5622 2
5623 3
5624 4
5625 5
5626 6
5627 7
5628 8
5629 9
5630 a
5631 b
5632 c
5633 d
5634 e
5635 f
5636 10
5637 11
5638 12
5639 13
5640 14
5641 15
5642 16
5643 17
5644 18
5645 19
5646 1a
5647 1b
5648 1c
5649 1d
5650 1e
5651 1f
5652 20
5653 21
5654 22
5655 23
5656 24
5657 25
5658 26
5659 27
5660 28
5661 29
5662 2a
5663 2b
5664 2c
5665 2d
5666 2e
5667 2f
190698 8e7499ecb77e6582765906a137c5d6c7c47e22ca7c8442523cca4548085db3cd
